- Jet Lab
- Date: 2022-11-22 17:55:05
- Step: 109 motor steps
896
1500
1458
1421
1448
1448
1014
1505
1432
1426
1521
1408
1388
1392
1458
1440
1460
1472
1336
1468
1472
1434
1444
1494
1450
1458
1504
1388
1479
1440
1426
1426
1466
1433
1458
1504
1424
1395
1396
1425
1447
1496
1432
1442
1344
1411
1472
1354
1390
1458
1384
1505
1709
3288
3785
3720
3656
3626
3664
3784
3610
3480
1475
1352
1408
1328
1478
1408
1494
1382
1380
1272
1383
1421
1433
1486
1480
1400
1480
1458
1504
1400
1430
1441
1574
1392
1475
1436
1432
1430
1419
1394
1400
1440
1462
1442
1376
1418
1492
1436
1445
1360
1420
1424
1459
1464
1280
1428
1430
