- Jet Lab
- Date: 2022-11-22 17:56:10
- Step: 109 motor steps
979
1472
1390
1488
1488
1484
1488
1448
1486
1466
1516
1420
1409
1494
1378
1464
1540
1499
1461
1476
1510
1502
1388
1468
1366
1437
1529
1382
1496
1376
1430
1417
1424
1440
1456
1586
1480
1369
1496
1540
1464
1484
1422
1368
1446
1370
1361
1472
1397
1454
1465
1602
1920
2450
3488
3360
3368
3776
3776
3736
3136
1812
1564
1404
1443
1464
1381
1390
1446
1481
1443
1436
1466
1470
1424
1448
1420
1442
1320
1472
1422
1410
1456
1398
1518
1454
1374
1466
1516
1384
1472
1466
1452
1303
1410
1420
1396
1438
1452
1482
1329
1432
1478
1485
1472
1376
1428
1472
1508
