- Jet Lab
- Date: 2022-11-22 17:56:59
- Step: 109 motor steps
1004
1446
1420
1492
1523
1536
1496
1516
1456
1440
1438
1384
1484
1500
1436
1524
1537
1544
1420
1542
1554
1520
1458
1544
1522
1468
1410
1545
1419
1506
1494
1580
1472
1496
1283
1436
1464
1422
1372
1420
1418
1447
1344
1452
1374
1464
1520
1570
1508
1788
1816
2158
2144
2280
2700
2884
2770
3072
3244
2608
2522
1843
1740
1560
1498
1462
1540
1326
1430
1482
1457
1408
1380
1411
1433
1448
1475
1462
1376
1426
1452
1456
1524
1360
1436
1398
1434
1528
1414
1388
1356
1338
1488
1408
1484
1404
1464
1476
1386
1472
1498
1520
1424
1379
1462
1515
1421
1472
1409
