- Jet Lab
- Date: 2022-11-22 17:58:44
- Step: 109 motor steps
961
1523
1452
1568
1438
1506
1210
1536
1474
1536
1497
1260
1492
1446
1472
1520
1388
1448
1408
1364
1414
1364
1456
1492
1500
1377
1442
1408
1456
1422
1445
1376
1482
1444
1499
1500
1337
1432
1442
1496
1458
1418
1440
1596
1520
1712
1728
1764
1745
2048
1814
2058
1932
2052
2328
2209
2344
2596
2628
2528
2056
1960
1808
1781
1668
1680
1674
1492
1642
1569
1426
1450
1324
1466
1460
1408
1402
1504
1376
1461
1459
1430
1448
1372
1442
1476
1430
1452
1448
1492
1444
1412
1516
1488
1430
1425
1456
1459
1414
1388
1398
1481
1401
1432
967
1434
1460
1370
1440
