- Jet Lab
- Date: 2022-11-22 18:03:32
- Step: 109 motor steps
987
1498
1529
1562
1452
1436
1416
1419
1412
1396
1428
1436
1438
1488
1382
1440
1474
1396
930
1494
1504
1451
1426
1426
1397
1438
1396
1548
1404
1480
1408
1420
1486
1457
1497
1468
1476
1516
1489
1592
1543
1541
1546
1446
1545
1619
1676
1512
1780
1468
1804
1744
1720
1896
1824
2104
1932
2192
2090
2048
1972
1766
2048
2128
1888
1888
1798
1761
1776
1693
1576
1688
1576
1657
1539
1604
1633
1570
1473
1488
1417
1459
1452
1424
1464
1444
1484
1441
1420
1472
1504
1539
1442
1467
1452
1498
1496
1450
1394
1417
1472
1544
1468
1382
1496
1444
1498
1504
1380
