- Jet Lab
- Date: 2022-11-22 17:57:45
- Step: 109 motor steps
964
1420
1520
1536
1524
1568
1541
1536
1472
1446
1388
1456
1369
1438
1420
1396
1404
1428
1480
1443
1380
1464
1424
1384
1381
1444
1438
1554
1334
1443
1344
1440
1416
1360
1420
1332
1398
1464
1304
1397
1446
1412
1502
1356
1586
1752
1601
1603
1548
1804
1920
1784
1752
2096
2432
2376
2624
3026
2792
2580
2416
2248
1914
1752
1700
1644
1626
1656
1536
1564
1528
1401
1448
1440
1492
1548
1436
1486
1400
1516
1536
1544
1408
1530
1512
1594
1564
1482
1490
1528
1413
1416
1344
1093
1312
1445
1480
1404
1430
1473
1388
1492
1362
1430
1424
1426
1391
1430
1512
