- Jet Lab
- Date: 2022-11-22 17:59:32
- Step: 109 motor steps
1008
1542
1536
1398
1408
1524
1486
1462
1472
1536
1432
1484
1402
1320
1482
1577
1490
1536
1466
1468
1544
1465
1396
1488
1478
1494
1474
1412
1490
1505
1475
1520
1524
1484
1433
1576
1536
1472
1444
1491
1536
1536
1564
1550
1596
1674
1645
1678
1796
1740
1842
1996
1952
2049
2200
2172
2140
2209
2369
2177
2136
2190
1952
1896
1682
1618
1864
1580
1656
1537
1512
1580
1435
1520
1302
1010
1482
1476
1484
1354
1382
1354
1388
1448
1456
1437
1402
1416
1492
1408
1514
1378
1424
1453
1425
1436
1383
1441
1448
1485
1424
1348
1426
1433
1444
1410
1426
1504
1507
