- Jet Lab
- Date: 2022-11-22 18:00:13
- Step: 109 motor steps
922
1289
1378
1452
1422
1556
1496
1475
1393
1542
1504
1544
1492
1428
1474
1536
1486
1460
1452
1436
1506
1548
1420
1460
1462
1448
1434
1452
1340
1473
1474
1436
1473
1472
1428
1592
1445
1563
1419
1596
1552
1484
1568
1562
1561
1716
1465
1704
1754
1894
1795
1780
1778
1828
2308
2184
2104
2136
2464
2064
2188
2058
2086
1744
1892
1764
1738
1762
1666
1792
1665
1516
1476
1608
1498
1458
1462
1485
1484
1510
1346
1478
1424
1490
1418
1383
1408
1536
1555
1358
1408
1422
1532
1436
1518
1340
1415
1409
1476
1458
1330
1386
1526
1479
1521
1370
1510
1433
1326
