- Jet Lab
- Date: 2022-11-22 18:01:23
- Step: 109 motor steps
988
1504
1500
1433
1424
1448
1440
1491
1498
1413
1510
1386
1488
1476
1468
1464
1572
1460
1452
1261
1454
1452
1458
1430
1434
1432
1461
1484
1476
1317
1478
1409
1337
1504
1392
1526
1523
1554
1500
1610
1613
1603
1594
1552
1568
1570
1601
1690
1721
1824
1924
1784
1888
1860
1946
2106
2272
2226
1900
2384
2164
2048
1920
1495
1696
1848
1800
1792
1756
1723
1672
1524
1504
1664
1556
1698
1144
1493
1412
1529
1618
1513
1424
1456
1510
1596
1588
1608
1395
1513
1448
1404
1436
1413
1440
1488
1446
1472
1395
1500
1390
1504
1435
1394
1457
1333
1448
1490
1414
