- Jet Lab
- Date: 2022-11-22 18:05:03
- Step: 109 motor steps
1044
1500
1514
1542
1512
1457
1536
1460
1443
1472
1508
1564
1577
1562
1564
1568
1588
1612
1488
1448
1462
1545
1528
1528
1521
1536
1488
1494
1520
1442
1362
1507
1505
1492
1526
1532
1522
1440
1640
1514
1596
1628
1592
1624
1632
1648
1658
1632
1672
1672
1738
1888
1648
1852
1958
2016
1984
1913
1932
1844
1856
2084
1910
1896
1856
1884
1742
1824
1946
1844
1769
1698
1652
1657
1677
1578
1561
1616
1636
1616
1506
1615
1473
1560
1542
1538
1473
1472
1476
1516
1500
1312
1486
1167
1480
1504
1483
1500
1540
1374
1528
1466
1509
1520
1552
1500
1440
1510
1516
